====================================
Read platform from  ABCI.plat
====================================
FILE:  ABCI.plat
MEM_PER_NODE:  16000000000.0
NODE_SPEED:  7.8e+12
BANDWIDTH:  12500000000.0
LATENCY:  5e-07
MAX_NODE:  4096.0
====================================
Read dataset and DNN from  ALEXNET_ImageNet_prof.net
====================================
DATASET:  ImageNet
DATASET SIZE:  1280000.0
SAMPLE SIZE: 3x226x226 153228
====================================
Model:  AlexNet
LAYER	 x[C,W,H] 	 w[C,F,K,K] 	 y[F,W,H] 	 TComp
CONV1 	[3, 226, 226] 	[3, 96, 11, 11] 	[96, 54, 54] 	0.00120901
RELU 	[96, 54, 54] 	[96, 96, 0, 0] 	[96, 54, 54] 	5.926e-05
MPOOL 	[96, 54, 54] 	[0, 0, 3, 3] 	[96, 27, 27] 	4.387e-05
CONV2 	[96, 27, 27] 	[96, 256, 5, 5] 	[256, 27, 27] 	0.00025005
RELU 	[256, 27, 27] 	[256, 256, 0, 0] 	[256, 27, 27] 	4.948e-05
MPOOL 	[256, 27, 27] 	[0, 0, 3, 3] 	[256, 13, 13] 	4.021e-05
CONV3 	[256, 13, 13] 	[256, 384, 3, 3] 	[384, 13, 13] 	0.00020321
RELU 	[384, 13, 13] 	[384, 384, 0, 0] 	[384, 13, 13] 	4.715e-05
CONV4 	[384, 13, 13] 	[384, 384, 3, 3] 	[384, 13, 13] 	0.00047687
RELU 	[384, 13, 13] 	[384, 384, 0, 0] 	[384, 13, 13] 	4.556e-05
CONV5 	[384, 13, 13] 	[384, 256, 3, 3] 	[256, 13, 13] 	0.00027486
RELU 	[256, 13, 13] 	[256, 256, 0, 0] 	[256, 13, 13] 	4.383e-05
MPOOL 	[256, 13, 13] 	[0, 0, 3, 3] 	[256, 6, 6] 	3.837e-05
FC6 	[256, 6, 6] 	[256, 4096, 6, 6] 	[4096, 1, 1] 	0.00059829
RELU 	[4096, 1, 1] 	[4096, 4096, 0, 0] 	[4096, 1, 1] 	4.257e-05
DROPOUT 	[4096, 1, 1] 	[4096, 4096, 0, 0] 	[4096, 1, 1] 	8.593e-05
FC7 	[4096, 1, 1] 	[4096, 4096, 1, 1] 	[4096, 1, 1] 	0.00015191
RELU 	[4096, 1, 1] 	[4096, 4096, 0, 0] 	[4096, 1, 1] 	4.028e-05
DROPOUT 	[4096, 1, 1] 	[4096, 4096, 0, 0] 	[4096, 1, 1] 	7.762e-05
FC8 	[4096, 1, 1] 	[4096, 1000, 1, 1] 	[1000, 1, 1] 	9.346e-05
Total |x|: 1579500 items
Total |y|: 1427272 items
Total |w|: 62367776 items
Total comp: 0.00387179 items
Max |y|: 279936 sec
226 96 3
==========SINGLE-NODE===============
maxBatchPerNode: 1226.737717
==========DATA PARALLELISM==========
maxBatchPerNode: 1226.737717
==========SPATIAL PARALLELISM==========
2048.0 1
max_rank 1
====================================
name		B	p	Mem (bytes)	Tcomp (s)	Tcomm(s)	Time(s)	Cost(min*Node)
single		1024.0	1	13438206208.0	4955.8912	0	4955.8912	83.0
data		2048.0	2.0	13438206208.0	2477.9456	3.1296388	2481.0752388	84.0
data		4096.0	4.0	13438206208.0	1238.9728	2.3556666	1241.3284666	84.0
data		8192.0	8.0	13438206208.0	619.4864	5.490671025	624.977071025	88.0
data		16384.0	16.0	13438206208.0	309.7432	2.9593723125	312.702572313	96.0
data		32768.0	32.0	13438206208.0	154.8716	1.54754848125	156.419148481	96.0
====================================
Read platform from  ABCI.plat
====================================
FILE:  ABCI.plat
MEM_PER_NODE:  16000000000.0
NODE_SPEED:  7.8e+12
BANDWIDTH:  12500000000.0
LATENCY:  5e-07
MAX_NODE:  4096.0
====================================
Read dataset and DNN from  ALEXNET_ImageNet_prof.net
====================================
DATASET:  ImageNet
DATASET SIZE:  1280000.0
SAMPLE SIZE: 3x226x226 153228
====================================
Model:  AlexNet
LAYER	 x[C,W,H] 	 w[C,F,K,K] 	 y[F,W,H] 	 TComp
CONV1 	[3, 226, 226] 	[3, 96, 11, 11] 	[96, 54, 54] 	0.00120901
RELU 	[96, 54, 54] 	[96, 96, 0, 0] 	[96, 54, 54] 	5.926e-05
MPOOL 	[96, 54, 54] 	[0, 0, 3, 3] 	[96, 27, 27] 	4.387e-05
CONV2 	[96, 27, 27] 	[96, 256, 5, 5] 	[256, 27, 27] 	0.00025005
RELU 	[256, 27, 27] 	[256, 256, 0, 0] 	[256, 27, 27] 	4.948e-05
MPOOL 	[256, 27, 27] 	[0, 0, 3, 3] 	[256, 13, 13] 	4.021e-05
CONV3 	[256, 13, 13] 	[256, 384, 3, 3] 	[384, 13, 13] 	0.00020321
RELU 	[384, 13, 13] 	[384, 384, 0, 0] 	[384, 13, 13] 	4.715e-05
CONV4 	[384, 13, 13] 	[384, 384, 3, 3] 	[384, 13, 13] 	0.00047687
RELU 	[384, 13, 13] 	[384, 384, 0, 0] 	[384, 13, 13] 	4.556e-05
CONV5 	[384, 13, 13] 	[384, 256, 3, 3] 	[256, 13, 13] 	0.00027486
RELU 	[256, 13, 13] 	[256, 256, 0, 0] 	[256, 13, 13] 	4.383e-05
MPOOL 	[256, 13, 13] 	[0, 0, 3, 3] 	[256, 6, 6] 	3.837e-05
FC6 	[256, 6, 6] 	[256, 4096, 6, 6] 	[4096, 1, 1] 	0.00059829
RELU 	[4096, 1, 1] 	[4096, 4096, 0, 0] 	[4096, 1, 1] 	4.257e-05
DROPOUT 	[4096, 1, 1] 	[4096, 4096, 0, 0] 	[4096, 1, 1] 	8.593e-05
FC7 	[4096, 1, 1] 	[4096, 4096, 1, 1] 	[4096, 1, 1] 	0.00015191
RELU 	[4096, 1, 1] 	[4096, 4096, 0, 0] 	[4096, 1, 1] 	4.028e-05
DROPOUT 	[4096, 1, 1] 	[4096, 4096, 0, 0] 	[4096, 1, 1] 	7.762e-05
FC8 	[4096, 1, 1] 	[4096, 1000, 1, 1] 	[1000, 1, 1] 	9.346e-05
Total |x|: 1579500 items
Total |y|: 1427272 items
Total |w|: 62367776 items
Total comp: 0.00387179 items
Max |y|: 279936 sec
226 96 3
==========SINGLE-NODE===============
maxBatchPerNode: 1226.737717
==========DATA PARALLELISM==========
maxBatchPerNode: 1226.737717
==========SPATIAL PARALLELISM==========
2048.0 1
max_rank 1
====================================
name		B	p	Mem (bytes)	Tcomp (s)	Tcomm(s)	Time(s)	Cost(min*Node)
single		1024.0	1	13438206208.0	4955.8912	0	4955.8912	83.0
data		2048.0	2.0	13438206208.0	2477.9456	3.1296388	2481.0752388	84.0
data		4096.0	4.0	13438206208.0	1238.9728	2.3556666	1241.3284666	84.0
data		8192.0	8.0	13438206208.0	619.4864	5.490671025	624.977071025	88.0
data		16384.0	16.0	13438206208.0	309.7432	2.9593723125	312.702572313	96.0
data		32768.0	32.0	13438206208.0	154.8716	1.54754848125	156.419148481	96.0
data		65536.0	64.0	13438206208.0	77.4358	0.805092946875	78.2408929469	128.0
data		131072.0	128.0	13438206208.0	38.7179	0.425175759375	39.1430757594	128.0
data		262144.0	256.0	13438206208.0	19.35895	0.233931919922	19.5928819199	256.0
